#unpaired probabilities
 #i$	l=1	2	3	4	5	6	7	8	9	10	11	12	13	14	
1	0.9672904	NA	NA	NA	NA	NA	NA	NA	NA	NA	NA	NA	NA	NA	
2	0.9675182	0.9512665	NA	NA	NA	NA	NA	NA	NA	NA	NA	NA	NA	NA	
3	0.9483069	0.9369505	0.9212537	NA	NA	NA	NA	NA	NA	NA	NA	NA	NA	NA	
4	0.9619749	0.9390631	0.9278698	0.9123254	NA	NA	NA	NA	NA	NA	NA	NA	NA	NA	
5	0.8278868	0.8031891	0.7807721	0.7715803	0.7586552	NA	NA	NA	NA	NA	NA	NA	NA	NA	
6	0.8127754	0.7826723	0.7605357	0.7433158	0.7346622	0.722338	NA	NA	NA	NA	NA	NA	NA	NA	
7	0.645182	0.6240305	0.6010365	0.5826699	0.5691358	0.5625005	0.5530517	NA	NA	NA	NA	NA	NA	NA	
8	0.6882486	0.6434927	0.622304	0.5992393	0.5816243	0.5681114	0.5614876	0.5520557	NA	NA	NA	NA	NA	NA	
9	0.7239417	0.6872484	0.6426458	0.6214856	0.5984525	0.581036	0.5675471	0.5609172	0.5515313	NA	NA	NA	NA	NA	
10	0.7748771	0.7229617	0.6864896	0.6419881	0.6208251	0.5979776	0.580573	0.5670996	0.5605104	0.5511313	NA	NA	NA	NA	
11	0.8741926	0.7551469	0.7078447	0.6728697	0.6303435	0.6092521	0.5866989	0.5689319	0.559094	0.5528409	0.5435903	NA	NA	NA	
12	0.9086051	0.8721703	0.7533911	0.7062212	0.6714418	0.6290975	0.6085541	0.5860495	0.5683664	0.5585557	0.5523072	0.5430701	NA	NA	
13	0.1179773	0.1103853	0.1067697	0.1007544	0.09770222	0.09391044	0.08953002	0.08660893	0.08336461	0.0823526	0.08126173	0.08035821	0.07901517	NA	
14	0.006085865	0.004415865	0.002435726	0.002260083	0.001998329	0.001936351	0.001866044	0.001806753	0.001766018	0.001726075	0.001698095	0.001691617	0.001672991	0.001645591	
15	0.06368333	0.005150279	0.003713777	0.002100242	0.00194374	0.001713334	0.001660235	0.001599375	0.00155216	0.001518724	0.001488375	0.001463174	0.001459131	0.001443144	
16	0.1306618	0.06090828	0.004996481	0.00360406	0.002026076	0.001873144	0.001650097	0.001597885	0.001538002	0.001492538	0.001462625	0.001433557	0.001408009	0.00140402	
17	0.2405291	0.1095175	0.05277715	0.002924065	0.001891401	0.001718159	0.001655601	0.001440083	0.001393354	0.00134019	0.001304208	0.001276219	0.001248186	0.001256169	
18	0.7742388	0.2321945	0.1058691	0.05099803	0.002808527	0.001820985	0.00165621	0.001595264	0.001380363	0.001334395	0.001292767	0.001258786	0.001232122	0.001205565	
19	0.7057691	0.5857823	0.09198719	0.02202211	0.01066409	0.0006859454	0.0004530092	0.0003357765	0.000316553	0.0002986819	0.0002676989	0.0002630605	0.0002569038	0.0002518609	
20	0.2506535	0.2578407	0.1328567	0.06009628	0.003264619	0.001280067	0.0001921986	0.0001574798	4.964965e-05	4.174519e-05	2.624234e-05	2.551488e-05	2.500741e-05	2.442904e-05	
21	0.05616543	0.05864395	0.06152144	0.05960635	0.05708217	0.001244654	0.0002248111	6.47377e-05	5.18948e-05	8.360734e-06	7.438654e-07	1.730809e-07	1.462898e-07	1.376688e-07	
22	0.0572085	0.05474895	0.05740833	0.06024583	0.05952044	0.05706492	0.001231685	0.0002162074	6.043512e-05	4.738589e-05	3.607286e-06	6.052664e-07	4.926107e-08	2.511344e-08	
23	0.08855183	0.05423185	0.05257472	0.05513061	0.05785121	0.05951843	0.05706335	0.001230131	0.0002149142	5.920742e-05	4.609718e-05	3.581695e-06	5.907913e-07	4.449987e-08	
24	0.1283639	0.08657692	0.05395154	0.05241883	0.05496769	0.05782853	0.05949468	0.05703828	0.00123008	0.0002148766	5.91825e-05	4.607139e-05	3.577101e-06	5.867992e-07	
25	0.1707512	0.07887099	0.03898655	0.005912388	0.002343875	0.002389868	0.002513399	0.001106518	0.001165554	0.001227272	0.0002119012	5.601221e-05	4.606468e-05	3.574781e-06	
26	0.2774943	0.169409	0.07771339	0.03803729	0.005098251	0.001514393	0.001566544	0.001646753	0.0001932389	0.0001985546	0.0001998379	0.0002118542	5.600223e-05	4.60542e-05	
27	0.9462406	0.2689148	0.1678571	0.07623481	0.03661738	0.003716796	7.89978e-05	5.944531e-05	6.034953e-05	6.2865e-05	6.051319e-05	5.317028e-05	5.541012e-05	5.591397e-05	
28	0.9536864	0.9438786	0.2671151	0.1664708	0.07528384	0.03613107	0.00365776	6.449716e-05	4.448359e-05	4.469237e-05	4.634735e-05	4.8538e-05	5.106179e-05	5.316692e-05	
29	0.8755039	0.8405536	0.8383587	0.1704336	0.07804816	0.05319618	0.02518346	0.00254899	5.226334e-05	4.028301e-05	4.090506e-05	4.25002e-05	4.461096e-05	4.703034e-05	
30	0.7729369	0.7840709	0.7615047	0.7705074	0.1148824	0.03511919	0.02328848	0.01168964	0.001187367	4.328467e-05	3.875417e-05	4.009254e-05	4.181612e-05	4.406634e-05	
31	0.07677233	0.07646728	0.0767118	0.07355575	0.07499221	0.07361208	0.003700921	0.001998615	0.0009938497	0.0001024549	2.418527e-06	1.952638e-06	1.969232e-06	2.036798e-06	
32	0.0413691	0.01408291	0.01314853	0.01129206	0.0089771	0.008103895	0.004225743	0.003483169	0.001850947	0.0009195681	9.327963e-05	6.893904e-07	1.807154e-07	1.086195e-07	
33	0.06824854	0.03901523	0.01311859	0.01222076	0.01035725	0.008193364	0.007309538	0.003419871	0.00266558	0.001814841	0.00090166	9.145395e-05	6.57333e-07	1.598601e-07	
34	0.1040442	0.06608138	0.03824863	0.0130022	0.01213043	0.01029263	0.008136244	0.00725822	0.003376566	0.002629093	0.001785368	0.0008938783	9.066749e-05	6.507486e-07	
35	0.1501102	0.08932821	0.05973505	0.0327948	0.008098671	0.007094054	0.006828263	0.004556787	0.003971741	0.003339058	0.002600277	0.001765533	0.0008835105	8.970689e-05	
36	0.1903728	0.1413941	0.0876642	0.05831646	0.03153129	0.007968922	0.006969074	0.006702654	0.004479767	0.003895188	0.003265798	0.002582141	0.001753195	0.0008772345	
37	0.2797359	0.1681186	0.1192132	0.08303215	0.05629298	0.02959865	0.006054577	0.005012427	0.004680455	0.004458048	0.003874442	0.003248093	0.002567858	0.001743789	
38	0.322152	0.202483	0.1458569	0.1026603	0.07565543	0.05108457	0.02692083	0.005059423	0.004098961	0.00378354	0.003562283	0.003295054	0.002750058	0.002158703	
39	0.6608065	0.3157048	0.2012814	0.1452021	0.102215	0.07536707	0.05090117	0.02681718	0.005023803	0.004066751	0.003754945	0.003533996	0.003267425	0.002725936	
40	0.5180991	0.5092766	0.2439035	0.1514359	0.1106914	0.08063253	0.05989203	0.04032415	0.02095767	0.003455293	0.002717441	0.002467798	0.002278443	0.002066617	
41	0.4981297	0.4796646	0.4723978	0.2252548	0.1398651	0.1025007	0.07535899	0.05603894	0.03768103	0.01948398	0.003058254	0.002375541	0.002141883	0.001996976	
42	0.4419154	0.3834112	0.3760177	0.3730162	0.1642558	0.09544267	0.07198537	0.05511668	0.04123633	0.0275861	0.01398108	0.001672295	0.001214862	0.001049672	
43	0.1764618	0.09963406	0.08637017	0.08495634	0.08437531	0.07802468	0.02459092	0.01634112	0.01259455	0.009483175	0.006206631	0.002916987	0.0003391548	0.0002335273	
44	0.03211046	0.01966945	0.009914402	0.00821943	0.008069967	0.007994319	0.006687226	0.006387388	0.001667462	0.001286216	0.0009699128	0.0006366742	0.0003011117	3.397434e-05	
45	0.001540361	0.0006502487	0.0004890068	0.0002783758	0.0002537426	0.0002485149	0.0002462143	8.51071e-05	6.761087e-05	5.459747e-05	3.849462e-05	2.909581e-05	1.943925e-05	9.803565e-06	
46	0.02421939	0.001245072	0.0005158278	0.0003825528	0.0002439038	0.0002257232	0.0002218559	0.0002204628	6.695365e-05	5.171106e-05	4.085769e-05	3.117612e-05	2.35716e-05	1.579479e-05	
47	0.01192525	0.003006647	0.0001675763	6.634797e-05	4.946294e-05	2.366015e-05	2.022011e-05	1.917597e-05	1.847059e-05	1.529096e-05	9.218186e-06	7.200964e-06	5.548002e-06	4.177699e-06	
48	0.004142853	0.001175702	0.0002928546	1.827974e-05	7.74051e-06	5.954469e-06	2.547255e-06	2.145898e-06	2.032138e-06	1.95734e-06	1.420722e-06	1.237571e-06	7.633729e-07	5.889351e-07	
49	0.002311382	0.0003743774	0.0001034242	2.612332e-05	1.450197e-06	4.889347e-07	3.737665e-07	1.895308e-07	1.629099e-07	1.541253e-07	1.486996e-07	8.814478e-08	7.006363e-08	5.596272e-08	
50	0.0260518	0.002083157	0.0003450008	9.402633e-05	2.363763e-05	1.307949e-06	4.346115e-07	3.320964e-07	1.716703e-07	1.47858e-07	1.399201e-07	1.350478e-07	7.89148e-08	6.22174e-08	
51	0.01783269	0.003908951	0.0003662811	0.0001090296	2.114897e-05	3.319648e-06	1.975659e-07	7.688419e-08	6.016873e-08	3.011509e-08	2.551559e-08	2.412652e-08	2.32885e-08	1.672334e-08	
52	0.01296954	0.00235298	0.0008138036	4.62182e-05	1.32607e-05	1.015404e-05	3.675982e-07	2.639108e-08	1.447218e-08	1.05875e-08	6.684634e-09	5.465998e-09	5.279785e-09	5.259004e-09	
53	0.005607407	0.002879523	0.0007955253	0.0004998194	1.018054e-05	8.384136e-07	9.723004e-08	5.222028e-08	4.197442e-09	3.722111e-09	3.500245e-09	3.388188e-09	3.212473e-09	3.238178e-09	
54	0.02364573	0.004207758	0.002355028	0.0003171688	2.000547e-05	9.970745e-06	7.794815e-07	5.389196e-08	1.374739e-08	3.914198e-09	3.509482e-09	3.292484e-09	3.276584e-09	3.101052e-09	
55	0.08866954	0.006660519	0.002354593	0.002099474	0.0002699708	3.115845e-06	7.743829e-07	6.739075e-07	2.038312e-08	3.115744e-09	1.735268e-09	1.718435e-09	1.500119e-09	1.512048e-09	
56	0.622162	0.08136155	0.002627117	0.0003194279	0.0002642959	0.0002632523	1.234572e-06	3.042281e-08	1.648082e-08	1.537135e-08	1.610273e-09	1.451913e-09	1.478544e-09	1.266481e-09	
57	0.6120025	0.6195035	0.08059866	0.002147921	3.834791e-05	3.895126e-06	1.169262e-06	1.089105e-06	4.984206e-09	1.27745e-09	1.00969e-09	9.794248e-10	9.396888e-10	9.600251e-10	
58	0.7104313	0.6101481	0.6177768	0.07885694	0.0003766843	3.702661e-05	2.828355e-06	1.126907e-07	1.605486e-08	4.787965e-09	1.174071e-09	9.147524e-10	8.860379e-10	8.93127e-10	
59	0.7115694	0.6936316	0.6085965	0.6175702	0.07878764	0.0003274802	3.62025e-06	2.526296e-06	6.238616e-08	2.243821e-09	4.524118e-10	3.139558e-10	1.263631e-10	1.097043e-10	
60	0.3792129	0.1938288	0.1699348	0.07781731	0.07751039	0.07877972	0.0003225001	9.637911e-07	1.125046e-07	5.469583e-08	4.451222e-10	5.288669e-11	3.099348e-11	2.939855e-11	
61	0.3069049	0.305475	0.1201889	0.09529095	0.002077125	0.0004383839	0.0003190067	0.0003221693	8.812861e-07	5.93913e-08	4.726788e-09	2.599841e-10	1.519665e-11	5.994744e-12	
62	0.2825212	0.2150924	0.2136883	0.02840265	0.001925542	0.001772464	0.0001286173	3.637674e-06	9.644166e-07	8.806484e-07	5.916595e-08	4.549501e-09	8.662164e-11	1.468674e-11	
63	0.2851905	0.2802005	0.2132274	0.2120411	0.02675931	0.0002838603	0.0001301914	0.0001275057	2.782445e-06	1.339163e-07	6.827195e-08	5.861499e-08	4.46913e-09	6.84318e-11	
64	0.1316096	0.09937689	0.09480891	0.02786618	0.02670608	0.02661575	0.0001512764	6.794881e-06	3.037166e-06	2.700005e-06	6.822653e-08	1.529315e-08	6.223556e-09	4.440917e-09	
65	0.1051455	0.1047222	0.07291929	0.06836922	0.001427764	0.0002696595	0.0001829419	0.0001463285	4.059276e-06	4.761476e-07	1.134859e-07	6.141651e-08	1.115005e-08	2.289066e-09	
66	0.03861668	0.03807423	0.03769133	0.005889685	0.001341055	0.001319205	0.0001611439	7.44425e-05	3.71131e-05	3.935937e-06	4.539717e-07	1.017048e-07	5.100262e-08	1.096614e-08	
67	0.03783393	0.03698502	0.03656496	0.03651436	0.004717704	0.000169518	0.0001484165	0.0001482832	6.167136e-05	3.044885e-05	3.031498e-06	3.800304e-07	8.545441e-08	4.310568e-08	
68	0.006266679	0.005331101	0.005049294	0.004639408	0.004628853	0.004627055	7.894796e-05	5.788001e-05	5.776014e-05	5.746759e-05	2.836084e-05	2.811115e-06	3.399275e-07	8.001984e-08	
69	0.001600922	0.0008357496	0.0006809529	0.0005027494	9.539651e-05	8.854677e-05	8.761422e-05	7.638214e-05	5.532135e-05	5.520509e-05	5.492303e-05	2.795267e-05	2.759157e-06	3.271316e-07	
70	0.00745014	0.001113215	0.0004527398	0.0003034224	0.0001275469	7.589232e-05	6.908485e-05	6.815676e-05	5.69267e-05	5.410935e-05	5.399438e-05	5.371881e-05	2.733456e-05	2.698601e-06	
71	0.1335857	0.007165494	0.0009575545	0.0004264269	0.0002949226	0.0001209913	6.949772e-05	6.889941e-05	6.798193e-05	5.675351e-05	5.394033e-05	5.386995e-05	5.359563e-05	2.727116e-05	
72	0.39628	0.126252	0.006834714	0.0007397915	0.0003036092	0.0001861841	0.0001092258	5.781205e-05	5.729855e-05	5.70611e-05	5.639259e-05	5.358108e-05	5.351101e-05	5.32424e-05	
73	0.8861449	0.3081908	0.1186294	0.006796289	0.0007321241	0.0002999598	0.0001853317	0.0001088081	5.74156e-05	5.690558e-05	5.67825e-05	5.611437e-05	5.330293e-05	5.323289e-05	
74	0.7103754	0.6896825	0.27513	0.1087992	0.006055946	0.0006112859	0.0002330632	0.000129748	5.848013e-05	5.488452e-05	5.443475e-05	5.432433e-05	5.366111e-05	5.318547e-05	
75	0.7870286	0.6174611	0.6115747	0.256702	0.1055282	0.005877065	0.000583232	0.0002256034	0.0001256834	5.630246e-05	5.281742e-05	5.250129e-05	5.239403e-05	5.173237e-05	
76	0.7156998	0.6844542	0.5764421	0.5717505	0.2478819	0.1026819	0.005746257	0.0005601945	0.0002173354	0.0001205352	5.398753e-05	5.057582e-05	5.027354e-05	5.01799e-05	
77	0.7690762	0.6499419	0.6374539	0.5364376	0.5320607	0.2258934	0.09588803	0.005482961	0.0005240485	0.0002003957	0.000113411	5.088181e-05	4.766959e-05	4.738552e-05	
78	0.8467797	0.704951	0.6321938	0.6216671	0.5242046	0.5199314	0.221168	0.09380574	0.005347905	0.0005138434	0.0001959934	0.0001107253	4.952263e-05	4.657893e-05	
79	0.616662	0.5083722	0.4265994	0.3933049	0.3906253	0.3250214	0.3218805	0.1188045	0.04427544	0.002307604	0.000302695	9.780399e-05	5.087723e-05	2.262387e-05	
80	0.2209186	0.2149765	0.2091807	0.1625697	0.1502054	0.1493268	0.1291654	0.1270947	0.02767706	0.004914648	0.0002299804	0.0001096779	1.619657e-05	3.820123e-06	
81	0.2024049	0.182917	0.177888	0.173002	0.1324201	0.1217421	0.1212955	0.1072421	0.1053481	0.02175838	0.003505917	0.0001934079	9.153806e-05	1.299777e-05	
82	0.1555205	0.1477396	0.1315712	0.1266619	0.122224	0.1108103	0.1010076	0.1006189	0.09045027	0.09006115	0.01834103	0.002976879	0.0001707511	7.815809e-05	
83	0.1073586	0.1066038	0.1000063	0.09652075	0.09530213	0.09146517	0.08238758	0.08073722	0.0804381	0.07307161	0.07277338	0.01369076	0.001587851	8.640111e-05	
84	0.2722283	0.08787193	0.08721922	0.08053551	0.07761415	0.07682796	0.07638556	0.06849494	0.06726179	0.06706296	0.06156546	0.06132152	0.01149881	0.001284193	
85	0.3107777	0.2603391	0.07431851	0.07366416	0.06687939	0.0641181	0.06405141	0.06374214	0.0568501	0.05596835	0.05584565	0.05172364	0.05152627	0.009726849	
86	0.3489927	0.2661983	0.2346257	0.04785765	0.047204	0.04705065	0.04447866	0.04442709	0.04426217	0.04418084	0.04349666	0.04340348	0.04018165	0.04009219	
87	0.3344598	0.3337906	0.2497678	0.2206549	0.03217377	0.03151913	0.03138816	0.0308769	0.0308336	0.03070713	0.03066052	0.03040468	0.03034137	0.0279235	
88	0.2908783	0.1399724	0.1393825	0.05374689	0.0260514	0.02274973	0.02209296	0.02197703	0.02161731	0.0215941	0.02153863	0.0215008	0.02132034	0.02127536	
89	0.3961411	0.2802149	0.131448	0.1308927	0.04357046	0.01689143	0.01457019	0.01455881	0.01445461	0.01421689	0.01420812	0.01417119	0.01414017	0.01402022	
90	0.6849851	0.2923215	0.1811522	0.03452635	0.03400564	0.03392527	0.008246097	0.006906844	0.006901305	0.006889083	0.006774244	0.006769881	0.006751595	0.006737952	
91	0.6572951	0.6569626	0.2567548	0.1470064	0.001538668	0.00104575	0.0009849949	0.00088351	0.0003864282	0.0003859138	0.0003851599	0.0003789803	0.0003784012	0.0003761308	
92	0.6113168	0.5241745	0.5239261	0.1152146	0.003231093	0.0009599052	0.0004581645	0.000396534	0.0003201419	0.0002694905	0.0002690715	0.0002685291	0.0002642743	0.0002637856	
93	0.6350919	0.5861027	0.5341108	0.5339526	0.1163722	0.00227802	0.0002037625	0.0002023654	0.000140078	0.0001177305	0.0001017488	0.0001016829	0.0001014951	0.0001002328	
94	0.1776147	0.1762452	0.1583984	0.1188194	0.118692	0.118676	0.002102166	5.759032e-05	5.64461e-05	5.622262e-05	4.717899e-05	4.243496e-05	4.241194e-05	4.235535e-05	
95	0.03462251	0.03435992	0.03423643	0.03370937	0.002188695	0.00208106	0.00206801	0.002066868	2.682611e-06	1.669203e-06	1.561891e-06	1.357255e-06	1.1916e-06	1.190896e-06	
96	0.02031663	0.0004802932	0.0004297025	0.0003287546	0.0001851399	0.0001249228	1.548875e-05	2.20977e-06	1.57777e-06	1.482956e-06	4.531496e-07	3.461782e-07	2.988329e-07	2.798696e-07	
97	0.03232415	0.01033993	0.0002574669	0.0002318251	0.0001322421	4.565092e-05	1.458362e-05	1.450468e-05	9.207538e-07	3.38043e-07	2.906221e-07	2.903093e-07	1.811771e-07	1.510128e-07	
98	0.01216868	0.00940294	0.00315423	6.550896e-05	5.74548e-05	5.628236e-05	1.061533e-05	6.745227e-07	6.485443e-07	6.44872e-07	8.595045e-08	6.578474e-08	6.565283e-08	6.554343e-08	
99	0.0005324655	0.0002898729	0.0002576938	0.0001586597	2.74638e-06	2.190405e-06	2.116988e-06	9.703402e-07	1.43658e-08	1.254687e-08	1.221635e-08	1.007014e-08	8.596115e-10	8.409978e-10	
100	0.02699278	0.000161022	9.065141e-05	7.684522e-05	2.428987e-05	2.035045e-06	1.524485e-06	1.457736e-06	4.273915e-07	5.195009e-09	3.520674e-09	3.208712e-09	1.12592e-09	2.356355e-10	
101	0.08074509	0.01834726	0.0001237022	7.551955e-05	6.466276e-05	2.013581e-05	1.624978e-06	1.517064e-06	1.450274e-06	4.239619e-07	4.881714e-09	3.444635e-09	3.130235e-09	1.055398e-09	
102	0.02541437	0.02371413	0.007751341	7.756195e-05	5.575522e-05	5.273997e-05	1.632974e-05	1.560513e-06	1.461229e-06	1.450363e-06	4.222607e-07	4.658762e-09	3.226885e-09	3.091867e-09	
103	0.00587593	0.003128974	0.002729703	0.0008198724	4.684588e-05	4.258454e-05	4.206732e-05	1.328951e-05	1.553725e-06	1.462258e-06	1.452472e-06	4.225854e-07	4.479539e-09	3.083158e-09	
104	0.254287	0.004707997	0.002428211	0.002074879	0.0006814648	4.379899e-05	4.010359e-05	3.966551e-05	1.329136e-05	1.503278e-06	1.412641e-06	1.403369e-06	4.287862e-07	4.430267e-09	
105	0.5223802	0.1726991	0.002126361	0.001396436	0.001333066	0.0004683909	4.358635e-05	4.082538e-05	4.048521e-05	1.356458e-05	1.529899e-06	1.451665e-06	1.442697e-06	4.405624e-07	
106	0.5645992	0.4032425	0.1123018	0.001439379	0.00109796	0.001058081	0.0003717491	4.408176e-05	4.153389e-05	4.122153e-05	1.358599e-05	1.565945e-06	1.486021e-06	1.476851e-06	
107	0.4816108	0.4771714	0.3373563	0.08529514	0.001174034	0.0008943573	0.0008633373	0.0003049496	4.4875e-05	4.250829e-05	4.221369e-05	1.389643e-05	1.610784e-06	1.528727e-06	
108	0.6452419	0.4632729	0.4595982	0.3236127	0.07810601	0.001094735	0.0008371895	0.0008090412	0.0002892813	4.607561e-05	4.370276e-05	4.340805e-05	1.433077e-05	1.660782e-06	
109	0.5977562	0.5699379	0.4511394	0.4486514	0.3155986	0.07585123	0.001062678	0.0008242997	0.000798992	0.0002874152	4.745064e-05	4.504622e-05	4.481162e-05	1.480114e-05	
110	0.5776775	0.5739927	0.5562452	0.4522965	0.4500559	0.3162884	0.07446947	0.00105048	0.0008193097	0.000794533	0.0002859778	4.854178e-05	4.656454e-05	4.632566e-05	
111	0.4528654	0.4500364	0.4473146	0.4318848	0.342321	0.3402465	0.3169318	0.07274511	0.0009818672	0.0007972756	0.000773138	0.0002708325	4.832327e-05	4.779126e-05	
112	0.4657729	0.4044103	0.4019552	0.399515	0.3853605	0.3339572	0.3320147	0.3108279	0.06949771	0.0009351754	0.0007592565	0.0007364396	0.0002614256	4.851388e-05	
113	0.5896162	0.2582741	0.205712	0.2038563	0.2016762	0.1887545	0.142997	0.1416809	0.1226104	0.06565396	0.0006110603	0.0004670359	0.0004475322	0.0002181962	
114	0.427856	0.400078	0.1987217	0.152665	0.1511409	0.1493043	0.141527	0.1013867	0.1002108	0.08342897	0.03361401	0.0004516293	0.0003193483	0.0003016136	
115	0.3153526	0.2618049	0.2533441	0.1700584	0.130854	0.1295271	0.1279858	0.1213021	0.08657899	0.0855364	0.07102409	0.02857233	0.0003436914	0.0002726872	
116	0.2650032	0.228982	0.197279	0.1902231	0.1401166	0.1073759	0.1063601	0.1050639	0.09941241	0.07045937	0.06970778	0.05762012	0.02303429	0.0002727106	
117	0.2244121	0.2218234	0.1848782	0.1603355	0.1551471	0.1062745	0.08067094	0.07987165	0.07884117	0.07430783	0.05163418	0.0510478	0.04156904	0.01702913	
118	0.6000901	0.1975202	0.1950485	0.1563939	0.1339218	0.1293575	0.08041769	0.06035483	0.05972729	0.05893643	0.05542521	0.03771747	0.03726273	0.02985681	
119	0.5884285	0.5827792	0.1704974	0.1680494	0.1275087	0.1067376	0.1029385	0.05319586	0.03953103	0.03909816	0.03855579	0.03606287	0.02408431	0.02377604	
120	0.5318146	0.5286175	0.5257512	0.1016689	0.0992312	0.09903254	0.07984481	0.07662246	0.02583932	0.01862405	0.01839158	0.01809505	0.01662488	0.01041833	
121	0.5101846	0.5092316	0.5089235	0.5077432	0.06619829	0.06371619	0.06354303	0.05727055	0.05450193	0.002256635	0.001559011	0.001532176	0.001500809	0.001121662	
122	0.1539092	0.07208405	0.07153823	0.07129144	0.07009397	0.06901162	0.06649012	0.06630789	0.05972188	0.05691046	0.0016442	0.001121478	0.001099942	0.001075664	
123	0.171898	0.1156463	0.07113614	0.0708697	0.0706624	0.06942934	0.06839367	0.0674003	0.06720749	0.06024851	0.05956262	0.0008906559	0.0006593505	0.0006419217	
124	0.2591302	0.1533768	0.1037587	0.07368662	0.07353643	0.07343783	0.07319916	0.07214558	0.07108688	0.07106471	0.06371018	0.06298732	0.0004993617	0.0003964221	
125	0.5821669	0.06655066	0.02108268	0.01630106	0.009290345	0.009233115	0.009222197	0.008984336	0.008964103	0.008963697	0.008940013	0.001062042	0.0002906768	0.0002024745	
126	0.4338194	0.430054	0.0611385	0.01824011	0.01465522	0.009189779	0.009144357	0.00913552	0.009123604	0.009107866	0.009107529	0.009082065	0.001052311	0.0002226354	
127	0.3081572	0.1872798	0.1868312	0.01724747	0.007286769	0.005032066	0.001146278	0.001116944	0.001111401	0.001107552	0.001096476	0.001096208	0.001096127	0.001092403	
128	0.09417632	0.09206686	0.07935732	0.07924121	0.007784927	0.003297423	0.00212851	0.0001751484	0.0001601567	0.0001571273	0.0001551016	0.0001493492	0.0001492493	0.0001492072	
129	0.009422128	0.008066047	0.007927105	0.007195333	0.007191724	0.0007353983	0.0003097243	0.0002005155	7.658e-06	6.176422e-06	5.908124e-06	5.716847e-06	5.151122e-06	5.141858e-06	
130	0.001553658	0.000150903	0.0001301448	0.0001201744	0.0001078387	0.0001077842	1.104317e-05	4.663236e-06	3.026566e-06	1.338493e-07	1.116214e-07	1.075951e-07	1.047419e-07	9.625295e-08	
131	0.01746249	0.0002140532	2.996119e-05	2.64416e-05	1.716453e-05	1.445308e-05	1.443851e-05	1.478978e-06	6.242078e-07	4.048216e-07	1.997967e-08	1.702764e-08	1.648855e-08	1.609682e-08	
132	0.06886735	0.005695559	6.750233e-05	7.92741e-06	6.621585e-06	6.518445e-06	4.661943e-06	4.653173e-06	4.755451e-07	1.999027e-07	1.29128e-07	5.447422e-09	4.497618e-09	4.324262e-09	
133	0.2689022	0.03971874	0.003805685	4.579602e-05	4.274927e-06	3.650868e-06	3.58985e-06	3.260009e-06	3.25209e-06	3.327855e-07	1.400542e-07	9.05352e-08	3.35363e-09	2.684004e-09	
134	0.1099962	0.1085138	0.01683066	0.001615204	1.936229e-05	1.818696e-06	1.550373e-06	1.524145e-06	1.383045e-06	1.382402e-06	1.4152e-07	5.959157e-08	3.855491e-08	1.437147e-09	
135	0.08213641	0.03355438	0.03310378	0.005132038	0.0004925121	5.920647e-06	5.708643e-07	4.789828e-07	4.699166e-07	4.249443e-07	4.246711e-07	4.348437e-08	1.831531e-08	1.18415e-08	
136	0.2566318	0.04648471	0.01884995	0.01859262	0.002884051	0.0002767474	3.330634e-06	3.151581e-07	2.674977e-07	2.62821e-07	2.385303e-07	2.383751e-07	2.441367e-08	1.027641e-08	
137	0.9791127	0.2398104	0.04478055	0.01860227	0.01834579	0.002843891	0.0002730054	3.290072e-06	3.053767e-07	2.613788e-07	2.570767e-07	2.334643e-07	2.333555e-07	2.395661e-08	
138	0.9276655	0.9255744	0.2305836	0.0430782	0.0178942	0.01765522	0.002737166	0.0002627666	3.167748e-06	2.934612e-07	2.51258e-07	2.471318e-07	2.244328e-07	2.243442e-07	
